GIS data file contains the following records:

    265   
    383   
    545   
    704   
    855   
    1011   
    1182   
    1346   
    1479   
    1643   
    1806   
    1961   
    2125   
    2289   
    2449   
    2610   
    2785   
    2942   
    3111   
    3274   
    3437   
    3602   
    3784   
    3938   
    4095   
    4261   
    4423   
    4587   
    4748   
    4904   
    5059   
    5178   
    5340   
    5499   
    5667   
    5833   
    6000   
    6156   
    6313   
    6438   
    6610   
    6733   
    6899   
    7064   
    7225   
    7396   
    7557   
    7728   
    7889   
    8051   
    8211   
    8363   
    8532   
    8691   
    8862   
    8980   
    9131   
    9296   
    9458   
    9617   
    9794   
    9974   

